12 2735 8227 1582 7981 2252 4896 4434 9129 5446 7215 6603 5370
8 6689 1227 8713 6879 3635 2447 2674 2939
26 3090 6654 661 6711 977 6886 9564 5405 2809 5219 536 133 5658 684 1525 5191 5728 5115 6500 2466 8107 2454 888 5652 9770 6439
13 1209 477 4233 4299 4250 9116 3818 952 9028 7207 1417 6190 3224
17 6466 7455 2523 4920 3915 8155 8259 2119 3675 396 4247 6677 7924 8502 6591 229 5501
16 5018 3245 4635 9382 7277 5267 7665 1443 9408 6094 3986 5094 5801 8755 600 3088
18 9313 3294 9666 1200 7567 4602 313 6893 9177 4227 711 2648 4689 7806 7453 3028 8490 8069
9 2519 6794 5049 318 9872 9761 6407 7693 2053
27 549 7320 1995 9575 4409 531 2831 2187 9101 9222 8610 7037 3278 5083 8136 6366 5552 8314 6225 2584 5258 995 5669 8080 4911 4490 8453
15 4525 1194 5377 3807 9410 2857 9822 9896 2417 8125 1922 7031 8508 3903 8154
30 5934 658 5517 9696 2167 6305 4639 8324 6946 4113 4211 1461 1979 2437 7507 2950 5080 4560 2104 1775 5795 9716 706 746 5897 7154 9782 9309 2411 9476
16 4679 3119 3970 9195 1098 81 9379 8540 126 1519 4970 3912 8691 9688 2177 1327
17 88 5971 8447 4207 1601 8187 6244 5437 3790 2804 2241 5041 8764 3714 594 9293 7433
27 7109 8254 4024 7263 7216 7150 2264 3372 6641 5380 4460 4647 1964 7917 6075 6145 4462 2733 5740 5203 1894 7348 662 1677 4332 7834 7058
37 2465 3546 4200 4349 2967 4806 4645 5913 7466 6279 7407 4456 6642 5664 151 1911 8993 2398 6061 9584 8347 875 5512 5109 7851 6100 8409 3978 9323 9875 5718 9552 9876 3950 2322 170 5723
28 7957 9406 4575 8338 3375 1627 2741 5853 3098 3099 8956 5700 6898 624 2546 6897 4597 9060 2283 1092 7426 7336 1848 8866 6614 7310 3928 3588
7 519 7293 2915 9927 4476 2224 3528
31 4309 1838 5466 8410 2235 2077 9832 2613 1511 9132 1455 7984 7415 2191 6363 3977 4997 1342 6636 9269 2650 1703 2522 1506 7589 8216 5676 3665 9703 7881 6467
18 5970 8783 499 9754 9919 3234 305 2274 7247 9096 8322 5197 336 7053 8124 143 4649 7011
20 4839 7140 8277 5757 7554 9511 146 9981 8938 4415 2025 7987 3610 5442 8268 4688 9043 3011 1395 1626
29 5324 1414 6168 5090 1792 2600 986 595 643 8945 9859 6114 8749 8903 6137 7549 870 1816 9389 7242 9713 3630 4817 4054 1619 3480 8002 9334 9430
13 719 5352 4034 105 6161 1393 3561 5527 6920 8099 8969 201 9515
26 606 1447 2742 6409 4291 2927 6809 9364 8782 9817 1431 7091 8516 8811 8779 5167 2947 5950 1615 6760 9257 251 4197 9004 2818 901
16 423 1883 8979 1218 6058 3542 992 9276 3122 7562 1589 2393 959 8253 3749 7404
18 1776 8020 1564 8637 4376 8128 376 3784 674 6672 7075 7359 7995 9787 301 790 4140 7375
13 6031 7097 559 3315 1004 7830 5134 4046 7353 2099 9600 1939 8217
18 6663 2603 3424 5017 8747 1884 4485 7043 4006 628 6732 9597 6302 7836 9895 424 8503 2280
32 187 1228 608 498 4396 6601 2732 2394 691 9655 847 3507 928 433 2793 3980 7021 3674 7238 6623 5755 2475 2282 5932 1158 1507 1868 3310 1576 8106 796 3975
17 1066 2324 3176 839 2639 9135 8555 9570 1311 4871 4937 6548 2504 214 5484 1140 3755
21 5335 2296 5710 8448 3616 8368 9138 1725 3909 987 9000 6238 4700 681 8100 9454 3275 2286 7008 5865 1300
7 8175 8965 9392 9080 6810 3650 8330
8 1560 3826 2642 5182 476 8397 7304 8535
28 4758 3540 4196 3544 4613 6398 1079 9242 5713 5962 2292 1166 6883 9607 6682 9230 8153 9181 4847 2832 8828 2201 1712 7170 5960 8061 5551 2463
15 3817 3333 4084 8464 2651 2900 5124 9346 7992 1549 7841 8230 2133 7524 207
15 3580 3148 7355 7149 1145 9331 1736 1763 8946 9338 2946 1044 6943 6365 8201
20 6252 984 1864 286 6727 2141 52 1392 592 8599 3187 2987 5871 3886 9154 4230 7537 2353 6559 3618
22 1273 7612 874 69 3885 3051 8353 2640 7729 8820 3722 8911 9462 1743 5778 3682 8017 1821 4998 7051 9601 7460
32 7499 6662 2975 6420 9002 475 8882 5837 2884 4699 3247 584 8598 8291 5097 9221 6047 8844 5217 5355 3363 7736 5924 270 3348 5429 7087 5119 6872 7163 4530 722
25 1867 6745 208 2578 3669 4147 6800 6140 3210 7560 257 6382 3283 4783 9857 7480 3804 8537 1397 8707 107 2094 7565 4977 8870
10 7965 3655 7927 9349 174 6099 5485 3724 8497 5571
32 6822 1512 2681 9487 1963 7994 7096 7633 4491 2043 523 1096 5247 2938 947 7195 7262 2990 2085 2785 3582 8476 4738 7584 1099 6477 8196 9371 702 3591 5682 9417
27 2432 4877 6164 9586 7883 5601 4880 1256 7769 2173 4561 484 5023 7351 5640 4809 815 3242 9415 8084 1661 4284 8304 1060 2165 2683 4005
17 7070 2424 7428 3462 6550 9341 708 9539 2866 389 7951 3522 2853 3792 8337 3812 4750
27 1178 1977 5170 5100 3133 8296 3621 9106 1709 6495 4430 3154 3000 6429 940 3206 7593 5423 5894 1607 7489 188 1658 9545 6011 20 9304
15 3055 7398 4833 7574 497 9497 6062 1872 6582 4329 5883 2289 9918 9700 7001
28 4742 6529 9401 8382 6413 6739 2937 5866 7282 6476 821 3499 130 2924 9268 2694 618 3137 2700 3967 3161 6520 9883 7416 9765 8120 4268 3021
12 8890 8345 50 5966 1678 3506 7767 605 1849 6955 298 4846
16 6002 3708 7926 5532 4092 1921 2871 2688 9855 7852 1764 165 3600 5828 6665 3737
6 8773 7940 4457 4086 7909 7641
3 8292 5991 7678
8 672 7810 8967 932 7202 6019 7899 2993
20 7475 9820 7585 4153 830 5650 2771 6422 5803 3867 4853 2541 5965 2443 4231 6958 9184 8612 8582 5244
18 8477 2297 6910 1639 5268 7352 5326 4845 570 6328 1347 9760 6933 495 6514 4778 321 8414
20 5235 8149 6155 3105 2992 1634 7386 4966 1246 7071 9126 5346 8046 4189 3002 12 8363 8222 4741 3741
19 6277 6139 1530 3017 7444 8108 9399 340 6028 3558 1938 2592 4216 2210 480 7888 6210 295 6479
25 2720 4873 3572 4863 3615 1845 1537 1942 3946 163 6680 5364 7790 5072 3387 3081 2258 9488 8658 6448 9642 900 2029 948 3478
33 9409 9166 1251 7446 4115 7232 5422 1232 2661 1109 3203 7907 8506 6120 6696 9479 5958 153 3763 5411 3013 806 7932 2918 9115 5918 6509 6621 4600 6576 5179 4160 9970
28 2920 7711 965 3717 1272 3502 6089 8695 8164 1220 509 4224 1875 9722 3501 889 7944 6282 2485 6229 5056 2194 7158 3162 1149 8251 2677 8862
29 4094 3049 6068 9631 1777 832 8191 2673 3785 3429 30 2958 1752 2808 2438 683 242 6604 3511 3391 8473 8975 4380 7054 9786 1131 3012 4133 4310
15 3629 2166 7379 8973 4441 138 1787 9790 3753 7506 2583 6981 3734 9608 3723
15 9679 7864 8978 4830 9751 3124 2076 4497 659 1364 2052 9333 7672 3962 2430
17 677 9733 1100 212 1491 9477 6009 3729 3926 4926 954 7597 5048 2423 7038 5362 1367
18 3607 3409 2626 9144 9757 8796 4585 4643 6618 425 1891 5155 350 2931 1463 7542 7362 8147
39 1097 1407 9412 7255 656 4659 4607 7425 3622 4828 4278 8444 6386 8261 4893 5180 4290 4660 9112 5002 4259 4710 6552 2091 3235 8442 3670 1401 7845 5822 1080 9660 5239 6867 5591 1147 8044 4542 9796
24 5497 7186 1778 3292 7106 5880 4517 7288 4900 2255 7124 1483 9443 8977 9953 960 390 6194 1731 7590 971 6817 6016 2516
18 9752 1384 4194 7580 6474 2409 6580 7746 4792 3648 7613 8572 4324 5044 7039 5939 6191 8897
25 6670 7156 2957 1260 2825 2171 8038 724 8760 2218 8025 112 3351 8129 2093 6776 5524 6091 6233 4488 4022 9451 3559 797 1115
29 1757 8484 9495 6922 9450 4914 4555 2404 7456 9440 193 4293 281 7754 9328 754 7220 5909 8048 1654 2911 3306 3642 3587 9296 7530 3014 9146 6148
27 5440 3918 8892 2440 9345 6652 8671 2665 374 5899 8014 1391 5386 10 2710 3982 2851 1107 3548 4416 3492 9961 9499 5057 1306 3562 1336
12 9514 5218 2230 1518 507 5830 553 6243 1067 5138 1055 3204
17 2571 8630 4170 3381 3536 5687 1538 8778 3876 4715 8451 4769 2421 5388 8308 6 1020
25 563 3338 8220 7498 7793 9810 4942 8250 2955 1165 4936 4603 7199 7473 1675 9502 4556 8386 5435 3035 197 2098 392 1825 7115
9 6381 9347 1363 3614 2486 4339 1473 1437 792
27 9003 8932 2335 7086 7323 9164 1835 871 7275 5994 7266 5692 2861 7392 4902 7397 6704 4191 631 3010 3814 1219 9350 8790 1014 7577 8113
34 3549 6404 7768 1843 7698 7211 660 4709 2290 7931 1598 3127 2034 3847 453 5210 1905 6077 6175 356 4565 9032 9009 574 8942 4215 8684 3899 1390 5342 4641 5294 3698 5108
19 4601 8029 5890 5699 3840 6985 9033 91 8970 967 7493 6515 4337 3713 274 7289 2441 6613 8789
29 7657 4387 7546 5347 6729 646 9035 4384 1412 1299 7894 7508 3135 7046 6556 4578 2433 4747 276 3519 5325 2378 8295 6941 7175 5051 4311 4695 626
23 2015 211 5426 6178 1476 1264 7866 3182 1681 809 6565 6431 1011 7674 5789 1329 8032 3179 9206 452 5753 9714 5776
18 8708 696 3601 4720 6498 1557 169 2473 5553 4361 9885 4861 8384 9669 3378 9241 4040 8618
32 5860 2589 4164 4807 2982 6024 8412 5260 8229 5070 6462 2994 6891 9725 3568 4692 4960 9959 2545 3419 6506 2704 4702 3355 6314 7395 573 5443 3965 1226 8371 2848
30 8758 3430 3036 5263 292 7811 2115 1504 2315 1590 1031 5122 9239 1053 6174 4097 7598 4360 1919 6355 2127 9955 6895 5731 4729 7281 9773 980 8949 2597
19 9847 8290 8784 7312 1460 8173 2368 979 1561 2933 3139 7718 6733 283 6777 1696 7848 1498 8730
22 2883 8557 368 1325 5052 7582 1493 471 205 1036 7302 6759 8907 859 2985 705 937 7044 2697 3064 2772 4018
20 9913 5954 4704 704 5374 8809 9687 819 793 4730 5851 264 784 441 5024 1517 4240 7393 1701 9326
34 5445 5615 5369 655 5240 5917 942 2745 1846 8869 5033 6930 7573 3765 1199 5373 4978 8010 1933 5136 1405 5149 2195 2066 2101 3884 3192 7283 4671 3687 6881 6492 2329 9281
20 9976 7028 5006 4686 5158 9100 7941 4664 6067 6674 9015 1037 581 1575 2779 73 4162 4142 7059 9532
29 4078 2942 8574 7876 3666 1667 8504 5088 8300 7604 377 4824 8064 7403 8115 7419 8776 3523 78 3613 9413 9861 9119 3853 9637 1210 758 3857 707
12 8310 3527 5189 3073 8856 9182 6480 2543 230 9272 1061 3207
9 6916 6189 2293 428 5719 6538 2776 4027 6285
27 4008 19 8774 533 3398 8403 8804 7118 1768 3624 7267 6622 7130 1328 3437 9368 2215 9583 717 3504 289 4996 1173 8519 431 1887 7539
13 9888 9046 2711 1527 4088 7464 7291 7591 393 9088 1056 630 8994
28 6263 1637 7224 3200 6742 3414 8188 5576 6081 3305 7794 4221 5670 515 9718 250 8971 973 3399 9664 9076 2080 148 8959 4305 2227 4354 3883
25 1305 567 8548 9926 4973 8421 8523 5193 636 938 9879 9667 512 7788 7651 6667 727 8570 8845 2815 1536 2961 5536 316 2840
21 6815 4984 530 2783 5054 2781 921 382 5941 7749 6726 4916 4407 7101 9250 9185 4547 4252 8340 2005 1022
21 3307 789 9030 9634 7494 4986 772 97 8339 8111 7519 4837 8919 5846 8385 6992 1958 3688 6080 3664 8921
16 303 3358 4773 9856 9356 7317 3683 9243 2725 1952 7611 7801 8538 5230 6919 3858
34 4071 7198 697 1655 9464 1281 3759 649 9228 2760 1748 8150 2024 9643 8748 8750 9378 6105 3935 4889 8060 5275 7240 3505 1793 1021 1234 8461 3369 6701 1204 6650 1951 1410
23 2316 7108 6630 285 3710 9420 3894 11 6774 9384 8958 2242 4385 8592 8944 2965 9984 2836 9024 7201 8808 557 4725
24 1335 1784 873 412 238 2837 9079 1690 6234 3385 4572 7838 1608 4726 3322 4864 7509 5726 236 7052 4795 3063 2529 9990
23 2917 7287 3865 3833 5593 2343 3432 8511 7006 405 1882 4632 9665 6988 2499 8393 9854 333 2193 7487 9336 2019 4599
32 8731 3579 9267 8816 3842 8034 7209 8273 6484 4449 9192 4711 4851 1834 2341 1747 385 6117 4218 9663 7023 9531 8802 9174 4707 7752 6368 3715 82 2492 616 4538
20 8878 8274 7434 6048 896 5838 1143 8478 9034 3634 1611 9772 5096 6291 5319 3349 9568 818 7980 438
17 1138 8302 245 9815 2916 3057 7548 8597 5579 1595 8644 6757 4213 76 454 8284 7061
19 9619 1113 4630 1233 7380 225 1745 9962 7301 9496 5076 9980 310 5127 6964 4504 899 5811 8070
34 2061 7889 1142 5957 506 3054 4021 6247 2291 2164 7145 2645 458 8366 4789 4316 7454 5739 470 4001 8045 4178 2616 6691 1798 1360 4534 3727 3934 2728 8541 5515 2540 7410
19 7013 9231 1629 6854 2360 1753 3916 5796 5468 6714 3337 7030 6770 4808 3041 6401 6087 343 1636
30 5086 1170 1697 7000 4656 5642 1294 177 9900 886 2842 4776 408 9366 9821 9233 6928 9899 673 2849 5774 7427 6950 6779 4383 5973 5395 7906 3941 8301
8 4058 699 1869 306 4811 6533 7136 2902
34 4618 6502 2143 502 8614 2464 4749 2160 1583 4274 5526 9789 7167 3992 3213 7462 8539 184 5419 3481 4454 6180 6995 7332 2863 8145 7983 2219 3427 3059 3652 8078 5273 1378
15 7929 726 364 7153 5677 6315 7388 4061 7833 1552 5130 1801 4506 2819 2897
23 5300 7114 9320 9830 2934 4940 1355 4063 5914 4074 774 9193 8336 7272 2063 3023 2083 4181 3923 2730 4288 7390 7146
6 1315 817 4910 1904 1 7110
20 9707 5727 513 4048 3750 9136 736 4442 9946 7853 5585 6697 3810 345 3464 2022 7821 0 1642 8850
7 7429 2233 8370 3083 3966 2323 5982
21 7861 9090 9965 4064 4782 8831 6512 8761 969 6932 3811 5163 4330 402 7626 4217 9428 1824 6675 3244 7581
15 4059 7687 7804 8819 6395 7667 323 7343 8282 667 2905 4474 4918 3417 8611
34 5192 3197 4935 6473 2442 5135 6346 9481 5160 5465 4924 6821 9407 1767 9155 9355 7461 8381 668 7652 8887 4674 5703 7491 5609 8714 9271 3150 9434 176 9775 9771 3571 7795
11 5299 3005 6206 419 1628 8071 2767 2145 5361 7450 6870
21 6783 3147 8493 4111 5040 1861 8976 2153 5904 9470 1435 5102 8565 8172 8068 5643 764 7571 6065 8722 3120
19 7401 9402 6669 5212 3565 8768 633 1436 4858 2898 1292 3308 4654 6713 8571 8468 9277 2032 247
21 4855 8489 6741 7102 2577 8615 4344 6359 1297 5709 2359 7904 997 801 5921 866 8900 1157 8837 2262 766
22 7463 7435 6786 6265 8868 9681 1902 6213 4356 9963 6865 5610 3691 4014 1048 9321 4043 2936 7294 6660 829 7482
20 3167 3596 277 1240 2570 4035 1676 4163 7764 2846 7949 2713 4266 366 7298 6583 8726 759 4145 4103
19 273 6485 1489 5535 9252 3330 5019 358 5823 1754 7989 5246 2628 7385 1074 5797 7996 710 5848
33 3444 3249 9503 802 6903 4205 2979 1937 8500 7422 6566 9994 880 1075 953 1382 2325 4369 6308 7333 496 5363 7828 5330 2182 5893 265 3126 2185 3422 7586 4156 1558
21 769 5227 1674 6836 5712 8059 241 1487 3393 7812 542 9438 9441 670 1840 9884 2580 3776 3395 9740 5471
21 3696 9109 7048 1330 2054 2125 5391 7016 4486 8186 1187 1632 9122 4765 9491 3001 8206 1812 5633 5705 7182
30 9305 1492 5089 718 7934 6537 1509 3770 4195 40 8638 5289 9881 5256 9157 2513 5172 3141 4499 7024 4768 4571 6219 4210 8215 2549 6846 8943 3252 1722
35 9563 9852 3068 6012 164 3082 7816 3746 8288 5302 9644 7368 3893 4312 3873 2190 7063 8920 3484 5068 6027 9059 3517 1974 291 6653 4095 8712 8834 9439 762 3134 6458 1261 5232
31 2247 6123 200 8536 1685 9127 64 8909 8687 7609 8031 8299 3841 213 6490 7292 9235 1976 654 1244 4732 416 8619 7204 3762 9936 3448 7374 4319 3032 2508
20 4377 666 7534 202 3597 134 9490 7627 4746 8050 2226 2860 798 5531 8751 1829 5198 1931 2821 5937
31 6412 4208 8573 989 8791 354 8151 9833 8780 5907 255 6908 4121 5000 3908 7328 8496 4110 3485 1172 525 4269 9746 2830 6334 5311 296 5592 3860 8098 5538
6 713 9864 8088 5653 5857 6419
27 2135 6150 9869 6818 7152 9158 7697 9950 7370 1008 1679 9474 4351 887 4512 7260 2500 5786 3497 1440 4972 1356 1486 8723 1293 1456 4392
23 2949 1609 3291 3227 6102 4770 6289 7786 5427 5270 1822 603 7378 2452 6796 5095 3248 5935 18 7818 4393 750 5953
7 700 7948 712 6464 9198 6782 1813
29 8703 1323 4624 6645 8529 7171 546 1943 8864 2402 5864 9709 816 2526 1310 1375 4579 3878 1953 4053 1858 6394 7396 1726 9067 3644 3033 8613 1088
22 117 8711 867 4784 8097 9444 1761 3130 3241 5525 4473 8233 6281 9522 2615 2491 5596 9120 1602 2926 1084 1006
17 3442 5491 8902 9925 9708 855 198 1915 8905 8411 4859 4731 4315 5508 6700 7111 3543
17 7913 3475 2181 1146 884 7 5989 3716 3240 5365 3626 5469 7035 8405 3872 9025 3347
27 6695 190 3773 1326 4493 494 7971 7857 8551 8627 1781 6940 7743 4165 3777 9029 7892 1877 54 2361 3998 4501 6606 6715 1230 1137 2530
23 1543 1605 1421 511 5656 617 9475 2044 7315 3981 5619 6562 3534 857 8616 2268 686 5614 9386 5111 9534 5961 5478
12 6831 5808 9556 135 3554 849 8306 6521 3128 7002 7307 3264
22 6901 3640 3362 5417 7750 4033 5911 2762 4681 420 414 5333 5412 9404 3143 891 3627 7722 2337 2839 4049 3569
28 6403 1949 7477 629 7081 9632 9611 897 459 7817 7967 7998 3428 7286 5981 9348 9704 7072 8668 752 9903 6256 9391 3835 2114 1987 3890 4987
15 3156 9935 457 2382 7246 8951 2304 2288 101 5936 885 5202 7138 757 1015
12 2384 1411 6801 6668 6646 5561 6217 926 8226 3110 795 6288
15 8518 9405 6304 975 4558 3319 5495 6313 4331 3531 9248 6156 2906 7592 9287
7 5769 3276 9274 2904 6021 1430 2591
18 9393 3236 8203 2399 3795 6340 9617 1453 4617 6098 5451 3673 5879 2057 8289 4899 4138 8319
15 7040 8458 6200 9657 9457 3215 2386 3434 6197 1785 5141 7863 2786 1514 8119
26 3855 3651 6410 9104 7884 2207 7256 9858 8617 4045 485 4800 8798 3007 3070 3295 2874 8904 1779 3413 1058 503 5742 1093 805 2813
23 1515 8425 4184 1986 5511 3789 9678 1613 1644 9288 4498 2921 843 6885 7645 6437 1516 8961 678 2945 6318 6947 7773
33 3371 9473 1121 7602 4202 4587 6182 1762 1746 6283 6367 2948 8312 4832 4884 5092 964 8360 7735 547 5680 1238 5772 6781 45 5459 2671 1683 7978 8083 6507 5720 9677
7 1992 6849 2118 1997 6293 1817 2049
27 9325 4583 6756 6029 8348 7916 9263 9133 8028 9160 8446 122 4060 4620 4000 2678 3303 5110 5410 9007 2372 1577 5685 6005 6595 2618 7252
28 9675 8158 9845 8653 8546 3905 2909 9421 8140 4685 6038 6728 6436 5722 4513 1885 9352 7225 4116 7470 4466 9794 8846 7165 7069 1718 9937 8260
15 6198 2641 9316 284 8681 3879 7203 7010 1968 4249 2373 7796 9592 958 1000
25 7928 6135 9627 3739 7882 9062 883 5062 5133 9023 1914 7009 1806 9682 2222 8015 3171 4946 139 1426 1847 9614 9993 5390 4158
10 8670 6793 2109 3352 3195 1682 2692 404 6976 7458
8 6807 5387 7347 6904 5862 1163 5513 2055
31 4435 7512 5554 4285 596 5662 1331 4400 3165 9566 3798 5959 9056 7178 7132 4198 6387 256 2607 8475 6309 4131 4271 8579 287 2120 8683 8232 8923 4823 4803
8 8640 8262 5480 9921 3733 3633 8087 7997
33 3869 3257 5636 8285 5620 9064 751 4541 1494 9505 6121 8109 2568 15 1283 1345 2506 3359 6996 5910 6339 4631 7782 6792 868 2493 2069 5873 579 2816 7969 5286 7441
26 9449 2031 8530 6705 9710 7636 444 5764 2766 3509 8721 7004 9541 9447 3660 2894 4548 4367 9339 1144 1379 5657 5022 2843 3611 8185
6 4307 2738 6053 4011 1744 4321
16 3253 4693 493 290 9819 6196 6270 7642 4724 1912 7122 644 1739 5839 2998 2007
18 375 1013 3317 4228 2999 5287 5045 5915 8801 4072 6085 1468 8593 6129 9489 4390 3887 8700
33 8329 3575 6804 7236 4705 2997 141 560 8981 2702 6056 7296 3339 4378 9480 2340 2719 3446 5421 7326 6292 5255 2517 460 3151 4108 4510 532 1961 7123 9061 3781 7700
17 474 4414 1524 6710 9018 671 3190 8116 826 7679 6610 3837 9266 879 685 8947 8377
19 5868 5358 7638 9485 9743 8194 3117 106 3086 1274 9840 8364 3995 8861 9507 3787 8152 8163 5760
29 1105 1111 422 8806 1168 1458 2875 934 3570 8460 2715 1850 6042 2859 5607 5448 8052 2876 850 2666 2555 7485 6876 8249 4445 9332 6931 383 7166
31 1040 2788 5425 9562 2731 3721 3345 1521 7715 5099 5201 6059 9103 1383 7939 9218 9958 9086 8491 6510 2428 6049 6690 1070 6616 5460 8879 447 56 2610 8740
23 222 7993 7314 35 7438 9604 9731 8631 7361 544 3859 3269 6378 4343 4357 4009 5320 8524 2205 9416 3805 7844 8000
21 1005 7129 5996 9633 8991 7034 6026 9262 2706 6657 4866 5878 1282 1871 7872 2137 6823 5943 2405 5761 7760
23 9550 3325 7762 4397 1944 235 612 9706 8650 2364 7820 1450 4370 9053 3711 548 9540 9203 4122 8701 3671 9792 8847
16 3555 5858 3541 780 9314 7759 767 872 8235 3956 3577 2689 5812 7079 2922 6470
15 1135 3767 8885 8528 5467 7540 60 3140 8090 185 869 8717 7527 4296 9916
24 3578 7113 4353 1820 3606 4055 7389 6240 4358 7497 576 1270 1691 1957 1380 7083 1490 3637 1120 4203 504 7131 653 5312
8 5424 8024 3779 1399 5813 2698 5931 3825
21 5693 3608 9072 2841 7734 1622 4831 5165 3730 8769 373 861 4755 8677 4598 3327 5978 131 669 5790 7825
20 84 3311 2495 8219 3583 6216 4593 4744 6850 6391 5329 6146 4135 7417 5767 6337 6577 1298 9529 1284
24 9140 9463 4665 1994 1580 4297 4652 85 159 9458 6163 4879 9357 1947 9800 9351 5635 7259 841 94 1388 4448 4524 4557
29 4894 7891 7373 7686 6078 4371 7761 7829 716 7822 1069 1012 3031 1876 304 4368 9083 8248 2295 2365 3177 5587 2801 1788 1662 6986 6311 3111 4929
25 920 1803 2184 5725 6839 5073 7650 103 6578 1119 7258 4425 787 124 2496 748 4633 8515 1076 2294 966 3520 6266 9013 1705
19 6706 7020 2198 5566 1873 753 2653 2362 4838 3297 1374 1334 3771 3274 58 4945 4790 4799 1038
27 9799 9649 2401 7572 6749 3220 9202 4605 8101 9232 4939 2534 6824 8745 1471 6262 6372 5980 3431 6673 2637 5575 8036 2888 5121 1118 8543
13 2559 8736 1030 168 9289 3760 3503 9390 5269 6074 9591 4042 8874
18 7956 7329 8198 9705 8772 1529 9732 2567 4026 9414 7644 3189 2334 4908 9668 763 7017 5348
18 5717 2123 9385 8079 6034 7162 7344 6902 9729 461 4564 9838 8416 5444 6384 6789 3218 770
31 2695 9452 7372 935 9180 2930 3326 5847 6416 3646 1448 695 3498 1714 4388 7321 4912 6754 7753 8162 8709 1749 6249 8501 593 2564 401 3185 472 635 7467
17 961 5213 7779 6319 1322 2068 9212 2712 7330 7945 3018 8269 4500 5159 2267 7676 5646
22 372 1406 9602 9628 6634 8795 1733 7342 5861 7770 5684 6921 1810 5143 3470 1235 6505 8335 6827 3401 9914 5616
24 7952 3208 3947 6475 7174 9068 9948 4819 2977 538 2532 9302 5385 9755 5339 551 5945 1028 2050 1680 911 8053 455 5020
16 3654 5284 5502 2237 3516 6949 8256 1600 9373 1043 6317 8013 1898 6840 6093 3380
24 768 8073 1206 5679 1320 4947 8361 3266 1446 1906 7908 2027 6388 8423 6954 9898 7669 8455 8275 6723 2929 2449 1247 1472
30 24 739 4112 199 9871 9738 6222 5452 5001 9998 8692 2400 1946 2084 7192 4874 7354 6709 6144 3132 5912 5773 7946 9971 8082 7436 3987 4013 3097 5586
21 4090 6329 2511 5120 846 7922 9576 2355 7513 2174 9226 5372 3799 5534 8661 9152 8437 42 451 8771 9693
12 9084 7210 4815 9483 7854 3015 5489 2326 1972 2865 2134 8022
31 2869 5743 5295 4869 1647 5433 4326 9075 8827 9089 6134 1907 4073 279 2956 2644 7653 8680 3828 9047 3996 925 2746 5397 8964 2594 1301 6371 5416 2659 1646
17 8962 5237 4421 8146 6425 5012 6261 9972 4119 7503 2867 1692 3862 8871 3846 3216 1555
21 2356 1773 3396 2497 4938 7847 7777 8719 8753 5200 8041 1083 5750 3254 810 1095 1419 2794 7042 5545 224
34 4637 109 3989 6338 5621 9538 8037 8652 2108 254 2972 1638 3963 4096 6488 8646 6820 3115 8387 7012 4234 6543 3336 7157 4640 2870 9922 2427 3250 7751 6354 4723 8744 5003
16 4150 1024 8309 5663 1797 7284 1706 8180 4193 1333 9169 3076 7831 9311 5029 5063
21 6115 1438 7792 4673 1723 761 9923 6719 1862 1101 462 4714 1531 2901 6443 7147 9063 9290 4683 3929 9829
33 3988 1630 4255 4666 9118 4123 6082 3465 2374 6345 395 3474 6165 282 6778 1786 877 9001 1720 1035 1811 4917 848 2824 7338 5175 9599 5896 8607 6084 3576 3514 3284
12 5885 2536 8328 3411 6316 9620 6648 7239 8244 1844 8332 1212
5 311 3539 6644 6944 465
33 4379 7471 8832 4482 895 9537 7730 9156 2220 1197 4802 5340 8544 8470 8916 7531 4621 8258 1485 261 7076 3927 5788 8626 1484 5974 9058 1295 9555 5476 4277 3745 7986
25 7399 4706 9255 7196 6762 8266 365 3731 2740 6975 2175 5747 8729 2687 2202 8734 2188 8006 8999 2806 6993 5588 86 4338 3617
28 541 1372 1588 2605 4020 9419 66 7278 2406 5514 2612 3075 7222 6447 4675 1854 2844 1730 1205 4436 4298 9448 7784 7391 2408 8594 4716 7223
13 7561 8586 2718 788 9427 5065 2554 3080 4364 9811 6273 7533 3289
5 4143 4781 1002 3685 1339
30 568 6457 3368 7085 1684 1046 8595 4552 2260 1051 2835 9785 9987 4698 9337 8532 528 2699 2872 7181 6599 2363 2723 4463 4752 4180 7702 9759 9865 5631
32 4494 6493 9813 4246 9625 2952 4171 6380 3839 8257 9553 2548 6375 4718 3902 2231 9237 5117 6286 8584 3662 2575 1358 7105 7290 648 5949 587 3335 6433 6113 4243
11 8950 2512 482 3445 8035 2802 4327 9641 3228 8662 9377
12 6228 2357 8462 2717 2110 9303 7763 6953 1394 2197 4100 3491
35 622 8376 5540 640 611 3366 7276 403 1081 2395 1309 1117 5105 21 1819 7819 6083 8933 2494 8362 2757 3913 9892 9211 7027 8457 6022 5549 9719 3922 2606 70 421 5265 2169
20 1833 7230 1959 7787 7208 552 1181 9070 5014 4638 9849 6181 6581 7510 7536 9578 8676 2980 8600 1545
10 6541 864 2973 2338 6402 5043 8303 5272 6889 181
22 6961 4260 481 6128 4520 5597 3628 8392 5106 765 781 132 6592 5030 7233 2925 1837 3898 2880 2389 1139 1929
21 29 9052 9806 2216 7628 529 7019 3261 7515 4031 3895 3584 280 8148 1612 6926 3121 3079 1982 5877 7972
27 1664 6658 4794 1908 8940 8379 2527 2415 6041 4453 6743 4625 5810 2561 9431 5035 8443 6632 5144 5315 2968 7251 9069 3180 9494 6911 464
19 55 3990 1208 1416 1832 8471 9788 9173 8202 6335 5146 140 1398 6461 4909 5046 3984 2158 9673
26 9523 1860 1177 7337 7840 1369 4888 2388 5021 4209 2479 4279 6513 6785 1926 2834 4468 9312 1007 5775 2812 8452 4735 3612 5225 5606
31 9216 8459 1267 5892 9190 572 2434 5082 7558 4989 1790 7659 7077 614 7860 3078 8810 3955 7155 9201 1901 1936 269 8144 5555 755 9814 4680 1758 6917 6111
31 9283 2538 6296 9640 9795 8575 8609 5952 2072 7873 2192 4892 4263 3877 8576 8673 6522 5274 9183 577 3979 3312 5098 8305 1156 6323 7057 2138 4348 8685 2845
8 4842 4885 6208 4029 5690 2652 3930 5903
12 2576 7325 362 4814 4509 5671 6524 3440 8311 9484 9354 1150
25 4948 6159 9944 448 9179 7732 1738 5603 1016 5317 7635 6802 7886 1780 167 3707 5938 3037 2503 68 6411 5831 5322 8430 2609
28 4346 7180 7406 6942 6764 8995 127 5457 1259 9844 8051 2229 3772 8807 2596 9571 4982 28 6224 5618 6516 2624 6525 1354 8156 7356 9317 9860
20 1888 6199 209 9251 6397 6432 2097 2655 5420 5987 6017 9521 783 9168 9745 7559 9387 7335 8898 1948
36 734 1984 9469 3050 8989 3663 2482 6871 1152 709 2045 3896 4834 1532 2179 2040 4114 2281 9022 7842 2978 6290 7547 851 8927 2038 7706 9017 7688 7405 1878 1663 5647 4883 6994 5173
26 3149 9920 5516 9512 2551 6132 8800 3974 8843 320 7164 5956 6204 6469 6948 3136 3296 5492 6828 191 2310 3529 4931 3819 5819 4662
18 7119 7575 1670 7728 9580 9005 743 8479 3954 721 4670 5331 7219 1454 6487 3589 8499 398
7 4214 5034 332 5156 9209 2385 1880
26 7862 9636 7901 2817 8378 7988 2122 8857 6982 1275 4549 6459 1668 9327 43 3801 5997 351 5867 8142 6209 2287 1127 1909 5749 3643
20 157 4428 9282 3816 6503 4544 348 5557 7516 9882 9298 9270 2796 6772 3237 1945 2155 4590 7439 9803
14 2986 6884 4761 3114 9171 3802 6805 8968 1085 2953 7257 1699 3656 5125
16 297 1874 2209 7654 3454 5314 9110 5313 4276 7897 8886 3889 8315 1950 7826 218
36 1978 3196 8786 6220 3270 9065 3949 8272 2107 1799 4642 9141 5305 2345 3323 5249 5577 9510 732 8567 7608 1853 347 4719 7545 5916 123 1760 4444 6918 4943 4149 729 6300 5988 2724
21 3103 2079 2455 5955 5779 5371 6980 8822 7725 1732 8096 5688 4408 6177 8482 5264 5399 2090 9850 4923 8089
24 5341 2714 7648 5686 6141 8112 4862 5400 9652 8316 5306 4365 1541 4265 2062 8076 5645 3374 569 9455 1049 2763 1161 2669
15 2912 8055 2657 4107 6173 46 990 23 3071 8139 7228 6569 7964 1573 3259
30 3281 5113 206 1830 1729 4481 9546 9394 2790 9837 3146 3450 3556 543 7529 9911 9403 7960 4262 116 9124 3658 8276 6594 7244 2010 8797 8877 3458 3125
7 5716 5948 3910 615 856 2660 3848
25 957 8435 3188 5711 1474 3418 9561 6297 5301 8534 5694 4569 7062 5401 5257 4991 5151 2855 9674 1641 9749 4451 811 3994 6434
29 6724 6735 6360 7683 5783 4007 5050 5169 2407 8533 1368 7755 2228 3574 527 7363 4915 6478 5186 6276 2030 309 1708 6651 6899 4753 1400 5758 8374
8 445 1593 6307 6718 4410 7685 5091 9569
21 3693 8566 5920 3906 8854 6336 6698 1110 9516 5608 4426 7488 7570 5233 5558 2996 3483 3551 7121 3725 9360
32 2020 9985 2881 5539 5036 7041 4300 244 2810 352 6103 4282 1104 890 3925 3293 1277 361 3214 2590 9978 1249 3920 651 5207 6791 5834 6539 6032 998 526 2221
27 8395 902 4836 881 8542 8953 8193 1255 3645 582 7552 733 731 195 6609 6790 4176 2028 5053 4146 4766 2450 2349 955 2257 5404 8019
19 2008 3951 4109 9105 5303 9949 4930 6013 5116 8237 8963 1420 7305 8074 7402 3282 4701 3917 6960
15 8406 4546 3334 9702 7245 1631 775 189 5394 7809 8891 1542 8463 7739 5055
30 5598 9996 6202 3585 8085 9527 1349 8190 8485 5009 121 8952 4734 4539 9322 3256 8873 534 7179 8318 2489 4708 1103 9253 9437 8352 8369 831 432 2321
13 3030 6924 8440 4003 4065 2693 2621 6231 4314 5482 1042 6090 8865
24 3471 8848 5541 7172 3453 1215 9466 1523 8984 8214 9482 4559 4898 974 5166 1229 7050 36 8365 9465 7696 828 3791 2691
11 7141 3758 6255 1503 7382 8937 1686 7387 2095 6344 1855
26 8102 5487 41 2305 6392 3433 9897 6333 2272 1428 5004 3447 946 814 3684 4612 9791 5509 204 4041 8313 2170 4458 6322 1359 7049
23 8840 2899 1955 956 4629 2984 9478 6104 2614 6235 3145 9471 5638 5327 5673 5787 944 7349 1153 5047 5499 1923 2755
15 585 6110 3354 57 2754 4070 1623 6046 8893 4570 2604 8043 9931 2347 6170
20 268 5572 1221 3191 2060 3435 5695 3451 6237 7176 1831 6452 4533 9442 1818 9848 4961 2342 619 835
33 4495 9137 5771 2056 1913 5241 5622 8486 9073 6301 4515 6406 3392 8450 6629 9862 1444 5220 1124 5128 3567 2199 8775 4589 8240 2879 3871 8859 3287 4568 840 2410 6494
19 1353 8209 442 3199 2000 5724 2602 6331 2048 9038 6211 7935 5715 1027 9525 845 2908 9172 5841
29 5406 5875 9012 3875 5602 6526 1352 3205 3904 5567 8159 6681 9574 1756 7879 1566 5168 2646 7408 9099 7100 1881 6153 983 4759 4273 1645 8178 9227
6 8342 1192 5475 3383 8356 1190
25 5649 3468 930 3609 8510 777 6775 3077 894 4144 3299 220 5350 8358 5028 4422 3526 7261 6598 2490 6731 7126 2750 5368 4177
26 7640 4959 3092 8554 7710 5584 9889 5238 8851 6106 8918 912 5730 2396 3406 7708 7832 7914 3796 9363 5594 7295 8165 3324 7476 7600
31 1528 9128 5214 2518 6454 5187 2217 9742 8243 2966 1716 6838 893 8926 4062 6888 9783 6116 173 4925 6184 3897 4757 4922 5328 7774 3703 4079 4697 7731 5895
30 583 7704 6951 3602 3594 6101 9165 2377 1620 4623 9054 9908 575 8906 3508 7930 3599 7505 7800 8608 2301 9877 7973 2318 5972 8648 7617 2200 9176 4292
30 2941 3138 6125 1201 7492 3232 9836 8505 9167 6684 4106 6974 171 1597 9111 8280 1596 2403 4341 2701 8569 4169 9008 7885 2354 2752 5474 7943 59 8957
28 8204 5112 3129 3108 9524 607 3940 1211 3843 4117 1429 4566 2498 5031 6540 9933 632 7797 63 8117 2891 1990 6545 2747 2764 7705 1599 9721
18 3025 6558 5748 6186 7579 6967 3439 7569 3230 446 7803 2196 4484 1579 430 5944 4047 8884
30 1735 8021 3603 7690 2140 657 115 9027 2035 9238 8293 6179 4550 740 6816 7999 3689 7003 8525 7526 2249 5432 8467 9606 7639 2890 9676 4779 8210 5542
21 5304 1651 5887 5756 5453 7448 2675 993 7903 3173 5556 9917 9278 4075 9049 6725 5037 7977 6676 7235 3107
22 4829 5815 8743 7205 5804 8917 9826 8234 5733 6588 1616 6852 3034 182 9365 2638 2579 2521 2259 2940 6212 7979
16 741 627 2074 2212 7139 6835 8012 941 8985 7160 5836 9596 9960 7568 5637 737
34 5381 8739 1804 9769 1386 9492 6638 7912 5701 2667 2525 1193 808 1464 6203 6769 8821 1650 4025 6935 2149 5832 1719 5078 1185 3854 5826 8925 9432 5814 9977 3679 8001 2117
28 9979 6747 3510 2896 4139 8742 9159 8560 7274 8895 3163 2144 7099 243 5518 5081 7371 51 7241 2046 299 7350 9307 1290 1865 2862 9558 8171
23 8559 6740 5562 2769 7502 399 3948 8881 4335 3004 4678 7514 9149 1807 597 6236 5842 5889 2914 3945 2152 913 4091
15 6321 7194 5568 9244 2868 1253 6214 1462 1126 9909 1497 9560 1892 4540 5665
26 3743 2006 2539 9549 152 102 6989 6716 9612 7080 9324 8767 1396 2611 9092 8067 1265 5590 571 4427 8577 9756 8849 8454 8255 8433
19 9581 8699 1054 5732 3701 9375 7595 9019 5190 5438 1851 9217 834 246 9301 2502 6241 9766 8429
8 1269 6004 3632 3026 1106 7684 589 5979
22 6039 4965 680 8344 7798 556 8004 6720 3834 5843 2002 5784 5454 79 5177 2623 7896 1136 3719 1001 1207 1966
5 8520 3029 7430 3022 4887
31 3457 5359 2690 6000 1465 6584 8876 2240 524 3466 4651 9758 4518 3416 6171 26 8181 5595 5010 1540 162 4514 652 7869 3350 9747 8166 2073 4057 9831 1569
23 8728 5818 6192 9297 782 5107 3993 1886 9381 3155 5564 5074 1389 9077 4219 5929 2535 5872 909 8738 7327 3331 8824
32 4687 7451 7975 7867 2686 1245 3102 4130 4398 7197 2467 5708 8550 2023 1029 9941 8833 9739 4067 5565 6798 4201 8399 9966 8716 5820 9567 3836 9123 9736 5398 6721
20 3564 7553 5307 2787 6272 7745 8245 2439 3625 5986 5039 370 4988 6483 7982 7299 6157 9501 7694 3861
20 580 9685 9559 2425 7662 39 8413 2065 8326 7125 1116 8841 8872 8197 647 2943 3087 2369 5612 2445
16 6649 4537 9078 7870 3972 5428 5766 8094 8996 8815 714 3231 4272 4082 558 2620
27 61 2436 4154 665 7190 92 9737 8667 1568 4470 6306 8141 1125 4626 8469 7623 7518 8114 8825 9690 8168 4545 6295 7756 1823 2586 9536
14 4788 3160 720 8823 3680 1496 6399 1660 6218 9659 5353 6683 2960 6517
32 5161 9974 9011 6856 2470 9429 907 4477 6460 342 8373 17 1501 9630 1502 1727 703 7313 5805 4526 4581 2705 9040 4952 4129 7022 4860 6112 8417 6637 8138 1009
18 6456 8104 3830 4016 2333 4854 9044 1836 6568 1063 7486 3914 7184 8522 3113 6624 8122 5543
26 8179 400 435 4028 8445 5660 369 508 137 9006 7237 8169 357 6167 1302 8264 2269 3864 7089 3084 7358 4242 7968 7959 3042 2964
10 6952 7116 5983 9798 8132 7950 5735 5599 3856 5147
29 7877 2026 47 5627 9610 2585 3530 5782 2037 1308 800 1741 545 7521 6938 6869 1091 858 8880 6766 4691 7032 4424 4418 794 1254 8211 4374 9573
29 7799 4648 1276 9680 3116 8176 120 3657 2547 3496 4394 4264 8383 4543 9142 3473 6312 8242 5863 6608 7095 9519 4303 1586 6358 6246 6257 9906 4124
23 489 4437 4848 951 8042 5799 9273 7555 9639 9229 613 693 7620 1554 1442 562 5461 3641 6010 1377 4553 5629 9196
29 9207 2838 8224 3921 2250 7663 380 175 5792 9741 6253 1981 7341 4591 3277 9894 4004 903 1574 6351 6330 7954 8558 4983 4563 4886 5661 8424 910
12 8184 9763 4492 8066 5354 7606 7517 5407 7300 5494 5293 1343
17 8420 6877 4080 9557 6825 5382 1179 4677 1934 6463 2131 7625 7772 5854 4962 8941 9131
22 8675 2748 1970 2261 2799 2751 8992 9699 5496 6187 1971 4577 1404 8639 7469 2629 1479 6717 6585 566 8123 8331
29 6424 2426 4980 4050 8093 982 4595 2954 4244 2206 3421 3547 4582 232 863 5292 4423 803 9697 6628 1025 2524 1089 8894 7269 3533 5696 6518 1003
22 5245 6239 439 5477 2041 2981 4532 1203 5559 2501 4489 7007 4487 5171 7280 620 3109 3844 5745 1772 4580 3631
26 6160 7082 8346 8133 5234 823 1263 6744 2749 7449 2903 5850 1927 7279 8349 221 259 623 4901 2243 5449 9776 8690 4531 8674 9396
14 7468 8394 6586 2775 3653 9942 469 3153 6051 1202 3797 7133 3712 4955
27 1866 8449 825 3783 922 2105 9647 4328 1710 9370 7334 249 7189 6131 1068 4118 6325 6226 3407 3942 756 5142 1841 6045 6750 8279 142
28 3692 1734 3426 9654 378 2919 6597 379 6808 2959 8492 2634 6679 4188 8621 4155 7107 1434 9616 3706 2685 3598 4419 9764 6390 5150 3863 8350
12 8578 2480 3754 8746 6905 2557 9358 9542 9867 5975 5334 6063
12 9121 5384 2189 1321 8853 5754 8663 1495 3388 9827 2312 1052
17 1993 945 2782 483 3112 415 578 5221 8901 2 3039 9508 7990 1087 2130 144 9577
28 3239 4511 6536 266 2180 5375 6956 3952 7187 1198 3157 5486 1424 510 999 7720 5139 5741 8633 745 192 6193 1285 5505 1467 5791 6073 2773
25 9901 5654 565 9735 4403 4636 9624 8603 5462 1591 1236 9163 9863 5032 2873 6347 4166 44 5707 1216 2298 2608 5547 3043 2208
8 7911 2928 6327 4658 6814 5366 6544 1452
24 9411 1090 8040 950 6703 908 8160 65 3550 8400 9026 5550 3455 4322 4015 8623 5493 6015 5439 6693 1195 3500 638 2225
21 1563 2132 6426 2248 7339 2309 8428 1603 3999 319 7566 6861 914 1171 4459 2139 2995 9279 468 1174 3367
20 4882 5990 1010 6069 4137 3038 8642 300 2075 516 8494 1774 9300 3443 688 129 149 2739 7910 5067
16 5902 2791 7248 98 4101 6647 1480 8645 3851 2234 3225 6687 7151 7985 234 1562
12 7229 328 4507 9954 5463 6991 7742 5942 9635 6978 8321 3969
10 4066 315 7465 9254 7668 4450 7778 5632 3044 8563
34 6965 8426 8915 3566 4764 1553 9928 8058 7843 6596 5101 4921 4159 6707 3152 5785 6860 3412 735 1373 2707 9618 7084 6797 6666 8561 6348 443 1653 479 391 6853 5415 1547
20 610 9246 5205 7557 8682 2059 1565 3623 3829 2907 1695 5103 9932 4030 4614 3260 1713 4844 4308 2273
17 7318 7346 5250 7065 6830 4971 4963 6400 6370 9893 4465 5762 2096 7878 8137 2203 4622
30 2429 6752 3991 9804 5674 4503 6832 6925 6751 8659 5472 8126 8817 5360 5882 6079 836 5925 6768 2625 2672 5926 1086 1141 4897 5798 6364 2238 9915 7459
14 6633 4352 8998 9992 3211 9240 7865 4821 37 1402 1702 5479 905 8047
3 2278 2736 7376
25 2774 8792 5626 9712 4990 7068 3469 9299 3924 8431 3101 4608 5157 3832 2380 3223 3943 312 2391 4780 8183 4077 8278 2814 6453
18 9020 842 2147 6842 1863 4615 8118 9846 1062 388 4301 1129 5148 7303 8838 5011 5697 4186
12 2418 7671 5506 8908 3488 1408 2822 8770 9938 1082 7824 3386
16 9291 7846 9874 1550 6356 5228 7856 8737 1859 9975 4767 5770 9074 490 692 4471
5 9626 7104 730 2573 5891
15 9187 5744 3821 2537 2245 6446 4318 4786 1422 2885 1348 9208 4628 2151 6527
7 8509 3202 7813 7719 8265 7783 8480
13 4586 5721 933 2663 7682 9186 1289 3344 1895 1969 6573 6405 4432
20 4644 2654 2270 7014 4406 5042 3593 9780 1827 3178 1657 4461 7942 1258 5781 5617 4226 2251 4069 5174
20 2327 5332 2330 1470 5026 4992 9748 8317 6999 917 53 4737 9258 4275 7839 4192 8641 263 3279 4120
24 4098 1973 4366 7414 936 1217 6612 4878 7723 5349 7538 4237 9295 9957 5266 2392 9145 1026 1935 5817 8333 9711 2276 7681
10 7227 3246 4994 9467 8724 9650 2487 4865 1510 5504
32 6694 9306 5285 2036 330 7479 5279 8990 949 1271 5995 4840 6833 5529 3997 294 1989 4212 2263 7447 2820 3309 804 2823 2307 1133 3460 3184 5644 5162 8008 6060
22 219 9544 4717 6066 9967 4890 7273 4974 4754 3164 2317 1740 3048 6934 4412 2974 4134 5434 7481 5224 3229 7953
7 2176 3774 5570 8389 6661 807 7937
29 1815 1635 3403 7874 1755 161 4958 6971 5844 5835 7726 8830 2850 4044 1317 4881 5140 2367 5984 1814 5947 5488 9423 1385 3301 7168 1478 6795 6260
33 3008 892 3866 6430 1365 1250 9964 4433 355 2319 3186 3356 3300 2552 1828 6299 331 7550 3217 6050 9261 1656 3815 6528 7835 8913 522 5855 7976 325 5253 9215 3346
13 5222 5500 9286 1508 8110 6280 4256 74 4857 2346 6441 2544 9472
14 8271 5856 7637 9947 8192 3809 2721 2488 110 7437 1581 5431 2300 8238
30 9670 166 150 7226 6966 1346 9809 4105 6659 3782 6389 8741 5061 2154 1307 1154 8354 2617 2895 1032 9285 6564 5634 4771 1809 2886 3238 4606 994 7649
28 2944 4661 5777 172 5503 3477 8785 9151 6907 6864 2383 561 9880 6829 5852 8427 2413 6227 4464 4229 3563 1694 8986 9210 6176 749 1318 3586
10 6361 5393 3786 8803 7193 3194 3181 2558 2156 4796
14 3321 9021 2800 1526 9204 664 4375 466 4261 4554 3518 5876 7714 9380
15 3647 6274 7921 4849 1704 1673 8526 1225 7855 6535 5884 5118 962 2223 8131
14 8564 6377 6154 80 1188 8625 9807 4183 3094 3456 8622 2103 7183 4891
13 7716 8231 1765 9661 4721 8483 2878 2858 9878 590 8375 6997 4350
29 113 3104 7243 1252 5291 8665 1985 1700 118 5323 8987 6806 7689 9361 2444 3201 7340 9902 3595 2582 5084 8056 6124 4728 5623 7814 4951 6417 9834
14 6913 3461 3490 4657 1693 6643 3482 9284 3694 8605 1064 6959 4479 1633
18 6607 7117 9744 6523 1587 3290 3062 9912 7629 3845 9264 8212 7615 1956 2376 8091 1304 8054
21 3168 3459 128 95 6771 9130 4017 7808 3901 8407 3271 6064 4634 5389 9498 6722 771 3142 6014 4187 3824
27 2313 8323 8351 3605 7442 6119 6133 8860 3258 1930 7712 8063 9376 4232 7583 5589 8875 226 2003 5544 4363 3040 3273 5455 307 3971 6342
14 1724 5746 2780 3193 9843 6866 434 6267 6773 7331 5114 8777 3705 6152
7 5402 9459 6349 7214 2847 8666 9374
12 6900 4223 9543 4404 6076 1721 9623 4019 2477 698 3709 5821
31 2507 3329 4502 7737 32 6927 6639 7134 8018 2565 2397 4667 3592 5630 1073 2431 3389 9148 5414 9162 3243 3486 4650 7268 7603 6553 3838 5666 1242 3302 9887
16 5343 3976 3512 9042 7785 8030 7643 1459 7691 4777 5211 9460 8829 4012 3074 923
31 3667 1689 326 9951 5351 6357 5628 2753 6587 6374 6746 7680 1123 8307 5999 4906 1624 8689 3545 1017 4619 2371 6617 9973 8762 488 108 6158 7112 2770 7036
30 554 3384 7249 4733 5678 8367 4713 178 6579 7805 6882 2630 5481 5992 9533 8199 2563 3820 5490 2204 8914 1366 9808 49 642 4172 9461 3172 9753 690
6 7088 4467 7483 3404 2414 5071
28 8587 9087 9805 8521 2856 2635 1222 3732 3958 2126 353 2314 799 2468 2722 2478 1286 4333 4745 3959 7646 1925 5178 3265 327 6271 4813 2509
32 6418 9595 6003 1186 5751 853 3524 2969 1643 2893 8481 5176 2854 689 4993 7418 1291 1167 1548 1337 6542 7400 7925 3020 6631 6534 7974 302 8654 7938 5408 976
15 9698 2106 7631 4703 9071 9199 5951 7837 7103 9701 9823 862 9968 3341 7713
33 8698 3170 248 5816 2352 2178 8228 4798 7066 1338 7474 3874 6699 5470 2299 6006 4289 8669 8498 9318 7185 1351 5930 6489 6086 3423 6007 1403 4785 3769 9259 5977 5859
25 6780 7357 8207 6352 3047 100 4913 6593 6248 2246 1071 4856 4985 2148 9170 8513 2350 418 9726 4239 5840 7496 4446 5280 2172
36 6767 5060 2566 9353 381 8236 3636 9645 2556 8062 4787 865 7624 2601 9724 5569 2729 5763 6847 9594 6320 7970 6890 7776 5869 6702 4399 1698 8267 8589 7660 6294 1312 906 1570 410
18 6044 1625 8434 3938 3420 8955 1324 1023 2533 9398 2795 1659 8974 5248 2457 2253 2271 3313
17 4056 5510 6450 601 3537 2852 4756 7169 4528 2302 1361 1648 6057 4841 7955 3702 8606
17 2531 1852 9890 8766 4957 3493 7135 2128 4347 2011 9694 3285 9143 6692 67 5969 1559
12 3410 6851 8588 6984 6023 6251 6172 4236 1960 384 262 5573
23 5881 9768 5025 854 233 7630 3521 7047 4438 5321 2344 747 3379 8781 8174 2013 2211 2656 5874 4185 8057 7766 6185
19 1879 4455 7666 6563 7092 2696 9684 9234 8263 8075 4594 7614 4317 4052 9891 1425 1805 231 8195
17 8086 3024 1313 267 9037 1441 1182 4588 2186 8972 4168 7744 8839 535 8939 6626 7472
29 8189 6455 4875 4405 7364 7411 1169 514 715 5824 463 8620 9784 5600 8725 4235 1533 8003 4964 9683 1782 407 5736 9648 9781 5659 5563 4220 8507
25 2828 9691 8835 2112 7692 6896 2320 9952 5310 5933 7898 8182 776 8863 1918 8704 4381 8732 6108 322 7073 5825 4 1962 6221
21 1794 5698 1640 5668 3370 645 4099 2505 6737 7316 7920 8562 9983 4248 1688 5919 3198 9308 3183 9051 6018
21 7849 2784 6765 8419 6438 6969 7191 2797 8585 6868 7610 6915 6130 8997 2358 5456 5216 160 3823 8388 7621
24 394 9191 2649 9579 4944 7221 3476 5278 6605 2595 8218 8705 6655 1606 9093 7056 5392 4760 8092 2064 6310 2593 9097 2163
12 6269 3849 5829 4411 9750 3720 5845 4672 8636 6242 6258 939
18 6843 2963 409 210 1910 5344 6491 5356 4206 8103 215 2086 2042 2923 517 5793 359 8596
17 5027 9851 8157 417 1102 7535 2453 4584 586 7918 5005 3 1296 4567 7871 8553 3286
15 7709 3891 3557 4953 9842 3513 4696 9812 2680 3751 5625 6444 5195 9506 6753
12 7188 8629 4867 4826 3936 3911 6136 8221 6761 8948 8934 2658
19 1332 2520 5282 3058 1175 4372 3169 4089 7271 8026 8788 7264 6990 9343 8818 4295 598 5714 4592
20 4475 6875 4225 9613 8298 7933 6962 7727 6223 2370 6423 4805 3085 4032 7966 738 1183 4950 6230 4325
36 7064 2422 1223 1500 6615 2033 9134 6784 3793 5702 6268 7234 275 8105 7587 3449 5104 77 5271 386 7721 5993 6937 9085 5259 6071 9715 6278 4812 6250 1279 7409 7311 8980 1808 7093
25 8213 271 3263 5888 6575 3778 5298 9388 833 1466 6571 7599 8960 8390 6055 9456 6072 4151 2976 9178 9956 3415 3525 5296 3402
22 6912 5008 2989 4690 1980 518 6036 2308 9509 4023 7780 450 3019 3681 2643 1288 4402 8327 5077 406 3880 1134
13 8787 7677 6245 4245 1319 25 2481 1594 7673 6481 7758 1191 8910
19 3697 3067 5507 119 3740 5069 1239 3532 4270 4775 387 8928 3761 6619 5768 6451 9767 7781 492
27 4536 8715 9045 6567 7253 5409 4872 7532 397 5123 83 3661 8027 4251 3262 1572 9422 4669 363 2469 5229 2070 9986 3931 3158 1652 9329
19 6656 7319 3066 4141 1381 2088 8287 1370 7144 7771 8441 4968 927 8372 3780 8488 3069 1350 5672
